# DPDAK 1.5.0
# Date: 2025-10-26 23:6:4
# 1 Inputs (1): jg_4nm_au_bs_00001.cbf 
x-Axis_1	Intensity_1	
-1.777442E-01	6.225000E+00	
-1.773414E-01	2.900000E+00	
-1.769386E-01	1.450000E+00	
-1.765358E-01	4.850000E+00	
-1.761330E-01	4.775000E+00	
-1.757302E-01	3.200000E+00	
-1.753274E-01	1.800000E+00	
-1.749246E-01	4.025000E+00	
-1.745218E-01	6.975000E+00	
-1.741190E-01	2.875000E+00	
-1.737162E-01	4.375000E+00	
-1.733134E-01	5.150000E+00	
-1.729106E-01	2.825000E+00	
-1.725078E-01	4.225000E+00	
-1.721050E-01	2.550000E+00	
-1.717022E-01	4.125000E+00	
-1.712994E-01	3.500000E+00	
-1.708966E-01	4.450000E+00	
-1.704938E-01	9.750000E-01	
-1.700910E-01	5.750000E+00	
-1.696881E-01	6.475000E+00	
-1.692853E-01	5.050000E+00	
-1.688825E-01	5.800000E+00	
-1.684797E-01	2.300000E+00	
-1.680768E-01	3.700000E+00	
-1.676740E-01	3.825000E+00	
-1.672712E-01	4.250000E+00	
-1.668684E-01	4.600000E+00	
-1.664655E-01	7.600000E+00	
-1.660627E-01	5.975000E+00	
-1.656599E-01	4.625000E+00	
-1.652570E-01	5.000000E+00	
-1.648542E-01	6.425000E+00	
-1.644513E-01	6.450000E+00	
-1.640485E-01	4.350000E+00	
-1.636457E-01	2.575000E+00	
-1.632428E-01	4.100000E+00	
-1.628400E-01	4.300000E+00	
-1.624371E-01	5.025000E+00	
-1.620343E-01	3.800000E+00	
-1.616314E-01	4.375000E+00	
-1.612286E-01	7.450000E+00	
-1.608257E-01	3.675000E+00	
-1.604229E-01	2.375000E+00	
-1.600200E-01	5.450000E+00	
-1.596171E-01	7.600000E+00	
-1.592143E-01	2.950000E+00	
-1.588114E-01	6.025000E+00	
-1.584086E-01	4.725000E+00	
-1.580057E-01	7.550000E+00	
-1.576028E-01	2.175000E+00	
-1.571999E-01	7.850000E+00	
-1.567971E-01	3.900000E+00	
-1.563942E-01	5.950000E+00	
-1.559913E-01	5.725000E+00	
-1.555885E-01	1.675000E+00	
-1.551856E-01	8.450000E+00	
-1.547827E-01	5.000000E+00	
-1.543798E-01	4.950000E+00	
-1.539769E-01	6.100000E+00	
-1.535741E-01	3.150000E+00	
-1.531712E-01	6.075000E+00	
-1.527683E-01	5.275000E+00	
-1.523654E-01	6.425000E+00	
-1.519625E-01	3.125000E+00	
-1.515596E-01	9.000000E+00	
-1.511567E-01	8.800000E+00	
-1.507538E-01	6.225000E+00	
-1.503509E-01	9.175000E+00	
-1.499480E-01	6.575000E+00	
-1.495451E-01	6.225000E+00	
-1.491422E-01	7.000000E+00	
-1.487393E-01	9.525000E+00	
-1.483364E-01	7.175000E+00	
-1.479335E-01	5.675000E+00	
-1.475306E-01	5.325000E+00	
-1.471277E-01	4.900000E+00	
-1.467248E-01	7.850000E+00	
-1.463219E-01	8.100000E+00	
-1.459190E-01	8.025000E+00	
-1.455161E-01	7.050000E+00	
-1.451132E-01	7.975000E+00	
-1.447102E-01	7.750000E+00	
-1.443073E-01	1.010000E+01	
-1.439044E-01	5.950000E+00	
-1.435015E-01	6.400000E+00	
-1.430986E-01	9.825000E+00	
-1.426956E-01	7.025000E+00	
-1.422927E-01	4.350000E+00	
-1.418898E-01	1.025000E+01	
-1.414869E-01	7.700000E+00	
-1.410839E-01	9.525000E+00	
-1.406810E-01	6.175000E+00	
-1.402781E-01	1.040000E+01	
-1.398751E-01	1.107500E+01	
-1.394722E-01	1.355000E+01	
-1.390693E-01	5.000000E+00	
-1.386663E-01	8.650000E+00	
-1.382634E-01	1.137500E+01	
-1.378604E-01	1.110000E+01	
-1.374575E-01	6.500000E+00	
-1.370546E-01	6.050000E+00	
-1.366516E-01	1.170000E+01	
-1.362487E-01	1.187500E+01	
-1.358457E-01	1.075000E+01	
-1.354428E-01	1.065000E+01	
-1.350398E-01	9.725000E+00	
-1.346369E-01	9.975000E+00	
-1.342339E-01	1.235000E+01	
-1.338310E-01	9.200000E+00	
-1.334280E-01	1.152500E+01	
-1.330250E-01	1.402500E+01	
-1.326221E-01	1.255000E+01	
-1.322191E-01	1.060000E+01	
-1.318162E-01	1.472500E+01	
-1.314132E-01	1.447500E+01	
-1.310102E-01	1.255000E+01	
-1.306073E-01	1.157500E+01	
-1.302043E-01	1.465000E+01	
-1.298013E-01	1.832500E+01	
-1.293984E-01	1.577500E+01	
-1.289954E-01	9.600000E+00	
-1.285924E-01	2.007500E+01	
-1.281895E-01	1.227500E+01	
-1.277865E-01	1.662500E+01	
-1.273835E-01	2.077500E+01	
-1.269805E-01	1.410000E+01	
-1.265776E-01	1.580000E+01	
-1.261746E-01	2.032500E+01	
-1.257716E-01	2.097500E+01	
-1.253686E-01	2.190000E+01	
-1.249656E-01	2.490000E+01	
-1.245626E-01	2.145000E+01	
-1.241597E-01	2.212500E+01	
-1.237567E-01	2.197500E+01	
-1.233537E-01	1.887500E+01	
-1.229507E-01	2.877500E+01	
-1.225477E-01	2.725000E+01	
-1.221447E-01	0.000000E+00	
-1.217417E-01	0.000000E+00	
-1.213387E-01	0.000000E+00	
-1.209357E-01	0.000000E+00	
-1.205327E-01	0.000000E+00	
-1.201297E-01	0.000000E+00	
-1.197267E-01	0.000000E+00	
-1.193237E-01	3.015000E+01	
-1.189207E-01	3.652500E+01	
-1.185177E-01	3.052500E+01	
-1.181147E-01	3.235000E+01	
-1.177117E-01	3.292500E+01	
-1.173087E-01	2.705000E+01	
-1.169057E-01	3.147500E+01	
-1.165027E-01	4.102500E+01	
-1.160997E-01	3.570000E+01	
-1.156967E-01	3.675000E+01	
-1.152937E-01	4.175000E+01	
-1.148906E-01	4.670000E+01	
-1.144876E-01	4.260000E+01	
-1.140846E-01	4.507500E+01	
-1.136816E-01	4.730000E+01	
-1.132786E-01	4.162500E+01	
-1.128756E-01	4.932500E+01	
-1.124725E-01	4.895000E+01	
-1.120695E-01	4.817500E+01	
-1.116665E-01	5.617500E+01	
-1.112635E-01	4.737500E+01	
-1.108604E-01	5.357500E+01	
-1.104574E-01	6.267500E+01	
-1.100544E-01	5.445000E+01	
-1.096514E-01	5.775000E+01	
-1.092483E-01	5.785000E+01	
-1.088453E-01	6.282500E+01	
-1.084423E-01	5.845000E+01	
-1.080392E-01	6.215000E+01	
-1.076362E-01	6.470000E+01	
-1.072332E-01	6.900000E+01	
-1.068301E-01	6.735000E+01	
-1.064271E-01	6.725000E+01	
-1.060241E-01	7.810000E+01	
-1.056210E-01	7.400000E+01	
-1.052180E-01	7.480000E+01	
-1.048149E-01	7.907500E+01	
-1.044119E-01	8.250000E+01	
-1.040089E-01	8.492500E+01	
-1.036058E-01	8.047500E+01	
-1.032028E-01	8.965000E+01	
-1.027997E-01	8.752500E+01	
-1.023967E-01	8.647500E+01	
-1.019936E-01	8.830000E+01	
-1.015906E-01	9.097500E+01	
-1.011875E-01	9.590000E+01	
-1.007845E-01	9.682500E+01	
-1.003814E-01	9.625000E+01	
-9.997837E-02	1.021000E+02	
-9.957531E-02	9.850000E+01	
-9.917225E-02	1.054750E+02	
-9.876920E-02	1.095000E+02	
-9.836614E-02	1.109750E+02	
-9.796308E-02	1.032250E+02	
-9.756002E-02	1.098500E+02	
-9.715696E-02	1.071250E+02	
-9.675390E-02	1.123000E+02	
-9.635084E-02	1.130750E+02	
-9.594777E-02	1.225500E+02	
-9.554471E-02	1.174750E+02	
-9.514164E-02	1.172500E+02	
-9.473858E-02	1.104750E+02	
-9.433551E-02	1.171750E+02	
-9.393244E-02	1.150750E+02	
-9.352937E-02	1.121250E+02	
-9.312630E-02	1.130500E+02	
-9.272323E-02	1.134250E+02	
-9.232016E-02	1.176000E+02	
-9.191708E-02	1.116750E+02	
-9.151401E-02	1.095250E+02	
-9.111094E-02	1.145250E+02	
-9.070786E-02	1.097000E+02	
-9.030478E-02	1.096000E+02	
-8.990171E-02	1.111250E+02	
-8.949863E-02	1.076500E+02	
-8.909555E-02	1.143000E+02	
-8.869247E-02	1.137000E+02	
-8.828939E-02	1.075750E+02	
-8.788630E-02	1.104750E+02	
-8.748322E-02	1.022000E+02	
-8.708014E-02	1.101750E+02	
-8.667705E-02	1.078000E+02	
-8.627397E-02	1.101250E+02	
-8.587088E-02	1.061000E+02	
-8.546779E-02	1.008000E+02	
-8.506470E-02	9.130000E+01	
-8.466161E-02	1.088750E+02	
-8.425852E-02	9.825000E+01	
-8.385543E-02	1.017750E+02	
-8.345234E-02	1.020250E+02	
-8.304925E-02	9.800000E+01	
-8.264616E-02	9.530000E+01	
-8.224306E-02	9.892500E+01	
-8.183997E-02	9.397500E+01	
-8.143687E-02	9.635000E+01	
-8.103377E-02	9.815000E+01	
-8.063068E-02	9.157500E+01	
-8.022758E-02	9.640000E+01	
-7.982448E-02	9.837500E+01	
-7.942138E-02	9.745000E+01	
-7.901828E-02	9.097500E+01	
-7.861518E-02	9.552500E+01	
-7.821208E-02	9.147500E+01	
-7.780897E-02	8.185000E+01	
-7.740587E-02	8.702500E+01	
-7.700276E-02	8.667500E+01	
-7.659966E-02	8.792500E+01	
-7.619655E-02	8.912500E+01	
-7.579345E-02	8.910000E+01	
-7.539034E-02	7.840000E+01	
-7.498723E-02	8.935000E+01	
-7.458412E-02	8.292500E+01	
-7.418101E-02	8.897500E+01	
-7.377790E-02	8.127500E+01	
-7.337479E-02	8.330000E+01	
-7.297168E-02	8.407500E+01	
-7.256856E-02	7.687500E+01	
-7.216545E-02	7.942500E+01	
-7.176234E-02	7.975000E+01	
-7.135922E-02	7.687500E+01	
-7.095610E-02	7.880000E+01	
-7.055299E-02	8.042500E+01	
-7.014987E-02	7.637500E+01	
-6.974675E-02	7.900000E+01	
-6.934363E-02	7.822500E+01	
-6.894052E-02	7.700000E+01	
-6.853740E-02	7.455000E+01	
-6.813428E-02	8.012500E+01	
-6.773115E-02	7.527500E+01	
-6.732803E-02	8.295000E+01	
-6.692491E-02	8.315000E+01	
-6.652179E-02	7.740000E+01	
-6.611866E-02	7.087500E+01	
-6.571554E-02	7.680000E+01	
-6.531241E-02	7.520000E+01	
-6.490929E-02	7.035000E+01	
-6.450616E-02	7.672500E+01	
-6.410303E-02	8.642500E+01	
-6.369990E-02	7.352500E+01	
-6.329678E-02	7.622500E+01	
-6.289365E-02	7.830000E+01	
-6.249052E-02	7.885000E+01	
-6.208739E-02	7.880000E+01	
-6.168426E-02	7.525000E+01	
-6.128112E-02	7.345000E+01	
-6.087799E-02	7.705000E+01	
-6.047486E-02	7.620000E+01	
-6.007173E-02	7.430000E+01	
-5.966859E-02	7.070000E+01	
-5.926546E-02	7.695000E+01	
-5.886232E-02	7.295000E+01	
-5.845919E-02	7.632500E+01	
-5.805605E-02	8.232500E+01	
-5.765291E-02	6.630000E+01	
-5.724978E-02	7.730000E+01	
-5.684664E-02	7.240000E+01	
-5.644350E-02	7.425000E+01	
-5.604036E-02	7.525000E+01	
-5.563722E-02	6.542500E+01	
-5.523408E-02	7.960000E+01	
-5.483094E-02	7.265000E+01	
-5.442780E-02	7.110000E+01	
-5.402466E-02	7.472500E+01	
-5.362151E-02	7.902500E+01	
-5.321837E-02	7.255000E+01	
-5.281523E-02	7.567500E+01	
-5.241208E-02	7.580000E+01	
-5.200894E-02	7.775000E+01	
-5.160579E-02	8.100000E+01	
-5.120265E-02	7.592500E+01	
-5.079950E-02	7.935000E+01	
-5.039636E-02	7.280000E+01	
-4.999321E-02	7.575000E+01	
-4.959006E-02	7.502500E+01	
-4.918691E-02	7.787500E+01	
-4.878377E-02	7.965000E+01	
-4.838062E-02	7.725000E+01	
-4.797747E-02	8.305000E+01	
-4.757432E-02	7.337500E+01	
-4.717117E-02	8.105000E+01	
-4.676802E-02	7.787500E+01	
-4.636487E-02	8.420000E+01	
-4.596171E-02	8.237500E+01	
-4.555856E-02	8.590000E+01	
-4.515541E-02	8.797500E+01	
-4.475226E-02	8.305000E+01	
-4.434910E-02	7.702500E+01	
-4.394595E-02	9.060000E+01	
-4.354280E-02	7.930000E+01	
-4.313964E-02	8.722500E+01	
-4.273649E-02	7.750000E+01	
-4.233333E-02	8.315000E+01	
-4.193018E-02	8.307500E+01	
-4.152702E-02	8.542500E+01	
-4.112386E-02	9.020000E+01	
-4.072071E-02	9.730000E+01	
-4.031755E-02	8.320000E+01	
-3.991439E-02	8.905000E+01	
-3.951123E-02	8.787500E+01	
-3.910808E-02	1.000750E+02	
-3.870492E-02	9.535000E+01	
-3.830176E-02	9.632500E+01	
-3.789860E-02	9.067500E+01	
-3.749544E-02	9.330000E+01	
-3.709228E-02	9.437500E+01	
-3.668912E-02	9.670000E+01	
-3.628596E-02	9.827500E+01	
-3.588280E-02	1.038750E+02	
-3.547964E-02	8.802500E+01	
-3.507648E-02	1.063250E+02	
-3.467331E-02	1.005500E+02	
-3.427015E-02	9.897500E+01	
-3.386699E-02	1.086000E+02	
-3.346383E-02	9.755000E+01	
-3.306067E-02	1.034000E+02	
-3.265750E-02	1.063750E+02	
-3.225434E-02	1.142000E+02	
-3.185118E-02	1.101250E+02	
-3.144801E-02	1.119500E+02	
-3.104485E-02	1.146250E+02	
-3.064168E-02	1.147750E+02	
-3.023852E-02	1.186000E+02	
-2.983535E-02	1.215500E+02	
-2.943219E-02	1.235750E+02	
-2.902903E-02	1.256000E+02	
-2.862586E-02	1.211750E+02	
-2.822269E-02	1.219250E+02	
-2.781953E-02	1.289250E+02	
-2.741636E-02	1.193000E+02	
-2.701320E-02	1.339750E+02	
-2.661003E-02	1.351000E+02	
-2.620687E-02	1.376750E+02	
-2.580370E-02	1.440750E+02	
-2.540053E-02	1.395500E+02	
-2.499737E-02	1.461250E+02	
-2.459420E-02	1.402750E+02	
-2.419104E-02	1.452750E+02	
-2.378787E-02	1.505000E+02	
-2.338470E-02	1.472250E+02	
-2.298154E-02	1.629000E+02	
-2.257837E-02	1.479250E+02	
-2.217520E-02	1.618500E+02	
-2.177204E-02	1.685250E+02	
-2.136887E-02	1.722250E+02	
-2.096571E-02	1.760000E+02	
-2.056254E-02	1.820750E+02	
-2.015937E-02	1.745500E+02	
-1.975621E-02	1.871000E+02	
-1.935304E-02	1.922750E+02	
-1.894988E-02	2.022250E+02	
-1.854671E-02	2.009500E+02	
-1.814355E-02	2.027500E+02	
-1.774038E-02	2.172000E+02	
-1.733722E-02	2.268500E+02	
-1.693406E-02	2.288000E+02	
-1.653089E-02	2.299000E+02	
-1.612773E-02	2.490500E+02	
-1.572457E-02	2.479250E+02	
-1.532141E-02	2.656500E+02	
-1.491825E-02	2.604750E+02	
-1.451509E-02	2.699750E+02	
-1.411193E-02	2.905250E+02	
-1.370877E-02	2.974500E+02	
-1.330561E-02	3.125500E+02	
-1.290245E-02	3.139750E+02	
-1.249930E-02	3.135750E+02	
-1.209615E-02	3.447250E+02	
-1.169299E-02	3.707000E+02	
-1.128984E-02	3.845500E+02	
-1.088670E-02	3.969750E+02	
-1.048355E-02	4.013500E+02	
-1.008041E-02	4.330000E+02	
-9.677267E-03	4.607750E+02	
-9.274129E-03	4.943500E+02	
-8.870996E-03	5.185000E+02	
-8.467866E-03	5.429250E+02	
-8.064742E-03	5.922750E+02	
-7.661623E-03	6.402750E+02	
-7.258511E-03	6.626750E+02	
-6.855406E-03	7.361000E+02	
-6.452311E-03	8.001250E+02	
-6.049227E-03	8.980500E+02	
-5.646157E-03	9.773750E+02	
-5.243103E-03	1.074750E+03	
-4.840070E-03	1.232500E+03	
-4.437064E-03	1.405050E+03	
-4.034093E-03	1.616150E+03	
-3.631168E-03	1.959550E+03	
-3.228306E-03	2.344275E+03	
-2.825535E-03	2.972500E+03	
-2.422900E-03	3.856950E+03	
-2.020483E-03	5.479425E+03	
-1.618445E-03	8.284825E+03	
-1.217163E-03	1.423045E+04	
-8.177503E-04	2.891210E+04	
-4.255035E-04	7.348845E+04	
1.360115E-04	2.105446E+05	
4.255035E-04	4.562605E+05	
8.177503E-04	5.277613E+05	
1.217163E-03	2.510751E+05	
1.618445E-03	8.171802E+04	
2.020483E-03	3.195883E+04	
2.422900E-03	1.553900E+04	
2.825535E-03	7.959775E+03	
3.228306E-03	6.209950E+03	
3.631168E-03	4.451575E+03	
4.034093E-03	3.071425E+03	
4.437064E-03	2.415550E+03	
4.840070E-03	1.979400E+03	
5.243103E-03	1.671350E+03	
5.646157E-03	1.410675E+03	
6.049227E-03	1.233500E+03	
6.452311E-03	1.117350E+03	
6.855406E-03	9.784500E+02	
7.258511E-03	8.831750E+02	
7.661623E-03	8.143500E+02	
8.064742E-03	7.540250E+02	
8.467866E-03	6.922000E+02	
8.870996E-03	6.370750E+02	
9.274129E-03	5.840750E+02	
9.677267E-03	5.430000E+02	
1.008041E-02	5.176500E+02	
1.048355E-02	4.875750E+02	
1.088670E-02	4.519500E+02	
1.128984E-02	4.433500E+02	
1.169299E-02	4.253750E+02	
1.209615E-02	3.743000E+02	
1.249930E-02	3.720000E+02	
1.290245E-02	3.571500E+02	
1.330561E-02	3.463500E+02	
1.370877E-02	3.375500E+02	
1.411193E-02	3.115500E+02	
1.451509E-02	2.941500E+02	
1.491825E-02	2.736750E+02	
1.532141E-02	2.831000E+02	
1.572457E-02	2.735750E+02	
1.612773E-02	2.507250E+02	
1.653089E-02	2.465500E+02	
1.693406E-02	2.400250E+02	
1.733722E-02	2.346750E+02	
1.774038E-02	2.264250E+02	
1.814355E-02	2.225750E+02	
1.854671E-02	2.132750E+02	
1.894988E-02	2.054000E+02	
1.935304E-02	1.944500E+02	
1.975621E-02	2.001000E+02	
2.015937E-02	1.939500E+02	
2.056254E-02	1.942000E+02	
2.096571E-02	1.782250E+02	
2.136887E-02	1.744000E+02	
2.177204E-02	1.731000E+02	
2.217520E-02	1.690250E+02	
2.257837E-02	1.610250E+02	
2.298154E-02	1.663250E+02	
2.338470E-02	1.557250E+02	
2.378787E-02	1.530000E+02	
2.419104E-02	1.428500E+02	
2.459420E-02	1.530750E+02	
2.499737E-02	1.485750E+02	
2.540053E-02	1.461500E+02	
2.580370E-02	1.391750E+02	
2.620687E-02	1.385750E+02	
2.661003E-02	1.344750E+02	
2.701320E-02	1.287500E+02	
2.741636E-02	1.306750E+02	
2.781953E-02	1.217000E+02	
2.822269E-02	1.296000E+02	
2.862586E-02	1.337250E+02	
2.902903E-02	1.308500E+02	
2.943219E-02	1.209500E+02	
2.983535E-02	1.198750E+02	
3.023852E-02	1.245750E+02	
3.064168E-02	1.144000E+02	
3.104485E-02	1.137750E+02	
3.144801E-02	1.148500E+02	
3.185118E-02	1.132250E+02	
3.225434E-02	1.095750E+02	
3.265750E-02	1.128000E+02	
3.306067E-02	1.172500E+02	
3.346383E-02	9.872500E+01	
3.386699E-02	1.004750E+02	
3.427015E-02	1.059000E+02	
3.467331E-02	9.692500E+01	
3.507648E-02	9.440000E+01	
3.547964E-02	9.625000E+01	
3.588280E-02	9.795000E+01	
3.628596E-02	9.907500E+01	
3.668912E-02	9.112500E+01	
3.709228E-02	9.470000E+01	
3.749544E-02	8.870000E+01	
3.789860E-02	9.542500E+01	
3.830176E-02	8.935000E+01	
3.870492E-02	9.197500E+01	
3.910808E-02	9.142500E+01	
3.951123E-02	8.620000E+01	
3.991439E-02	8.682500E+01	
4.031755E-02	8.662500E+01	
4.072071E-02	9.152500E+01	
4.112386E-02	8.262500E+01	
4.152702E-02	8.562500E+01	
4.193018E-02	7.907500E+01	
4.233333E-02	7.862500E+01	
4.273649E-02	8.307500E+01	
4.313964E-02	8.717500E+01	
4.354280E-02	7.875000E+01	
4.394595E-02	8.600000E+01	
4.434910E-02	7.745000E+01	
4.475226E-02	8.670000E+01	
4.515541E-02	7.870000E+01	
4.555856E-02	8.210000E+01	
4.596171E-02	8.277500E+01	
4.636487E-02	7.105000E+01	
4.676802E-02	7.915000E+01	
4.717117E-02	7.777500E+01	
4.757432E-02	7.485000E+01	
4.797747E-02	7.732500E+01	
4.838062E-02	7.710000E+01	
4.878377E-02	7.245000E+01	
4.918691E-02	7.227500E+01	
4.959006E-02	7.537500E+01	
4.999321E-02	7.917500E+01	
5.039636E-02	7.640000E+01	
5.079950E-02	7.527500E+01	
5.120265E-02	7.097500E+01	
5.160579E-02	7.445000E+01	
5.200894E-02	6.952500E+01	
5.241208E-02	6.825000E+01	
5.281523E-02	6.715000E+01	
5.321837E-02	7.155000E+01	
5.362151E-02	6.620000E+01	
5.402466E-02	6.295000E+01	
5.442780E-02	7.587500E+01	
5.483094E-02	6.697500E+01	
5.523408E-02	7.225000E+01	
5.563722E-02	7.197500E+01	
5.604036E-02	7.055000E+01	
5.644350E-02	7.122500E+01	
5.684664E-02	6.917500E+01	
5.724978E-02	7.045000E+01	
5.765291E-02	7.335000E+01	
5.805605E-02	6.530000E+01	
5.845919E-02	6.810000E+01	
5.886232E-02	6.880000E+01	
5.926546E-02	6.602500E+01	
5.966859E-02	6.260000E+01	
6.007173E-02	6.822500E+01	
6.047486E-02	6.717500E+01	
6.087799E-02	6.460000E+01	
6.128112E-02	7.130000E+01	
6.168426E-02	6.825000E+01	
6.208739E-02	6.975000E+01	
6.249052E-02	6.660000E+01	
6.289365E-02	6.607500E+01	
6.329678E-02	6.495000E+01	
6.369990E-02	6.477500E+01	
6.410303E-02	7.095000E+01	
6.450616E-02	6.455000E+01	
6.490929E-02	6.737500E+01	
6.531241E-02	5.702500E+01	
6.571554E-02	6.585000E+01	
6.611866E-02	6.820000E+01	
6.652179E-02	6.357500E+01	
6.692491E-02	6.822500E+01	
6.732803E-02	7.142500E+01	
6.773115E-02	6.500000E+01	
6.813428E-02	7.307500E+01	
6.853740E-02	7.590000E+01	
6.894052E-02	6.952500E+01	
6.934363E-02	6.267500E+01	
6.974675E-02	7.567500E+01	
7.014987E-02	6.552500E+01	
7.055299E-02	6.810000E+01	
7.095610E-02	6.982500E+01	
7.135922E-02	7.420000E+01	
7.176234E-02	7.155000E+01	
7.216545E-02	7.170000E+01	
7.256856E-02	7.080000E+01	
7.297168E-02	6.955000E+01	
7.337479E-02	7.742500E+01	
7.377790E-02	7.272500E+01	
7.418101E-02	7.815000E+01	
7.458412E-02	7.312500E+01	
7.498723E-02	6.877500E+01	
7.539034E-02	5.912500E+01	
7.579345E-02	1.600000E+00	
7.619655E-02	7.000000E-01	
7.659966E-02	1.900000E+00	
7.700276E-02	0.000000E+00	
7.740587E-02	0.000000E+00	
7.780897E-02	0.000000E+00	
7.821208E-02	0.000000E+00	
7.861518E-02	0.000000E+00	
7.901828E-02	0.000000E+00	
7.942138E-02	0.000000E+00	
7.982448E-02	8.187500E+01	
8.022758E-02	8.142500E+01	
8.063068E-02	7.895000E+01	
8.103377E-02	8.290000E+01	
8.143687E-02	8.120000E+01	
8.183997E-02	7.582500E+01	
8.224306E-02	8.812500E+01	
8.264616E-02	8.560000E+01	
8.304925E-02	8.012500E+01	
8.345234E-02	8.570000E+01	
8.385543E-02	8.522500E+01	
8.425852E-02	8.957500E+01	
8.466161E-02	8.707500E+01	
8.506470E-02	8.932500E+01	
8.546779E-02	8.382500E+01	
8.587088E-02	8.667500E+01	
8.627397E-02	8.705000E+01	
8.667705E-02	9.512500E+01	
8.708014E-02	8.775000E+01	
8.748322E-02	8.930000E+01	
8.788630E-02	8.975000E+01	
8.828939E-02	9.180000E+01	
8.869247E-02	9.482500E+01	
8.909555E-02	9.035000E+01	
8.949863E-02	9.970000E+01	
8.990171E-02	9.520000E+01	
9.030478E-02	9.445000E+01	
9.070786E-02	1.032000E+02	
9.111094E-02	9.895000E+01	
9.151401E-02	1.044000E+02	
9.191708E-02	1.044500E+02	
9.232016E-02	9.022500E+01	
9.272323E-02	9.572500E+01	
9.312630E-02	9.682500E+01	
9.352937E-02	9.627500E+01	
9.393244E-02	1.063750E+02	
9.433551E-02	1.006750E+02	
9.473858E-02	9.832500E+01	
9.514164E-02	1.014000E+02	
9.554471E-02	1.045000E+02	
9.594777E-02	9.717500E+01	
9.635084E-02	9.952500E+01	
9.675390E-02	1.001250E+02	
9.715696E-02	1.072250E+02	
9.756002E-02	8.985000E+01	
9.796308E-02	1.021000E+02	
9.836614E-02	9.980000E+01	
9.876920E-02	1.027500E+02	
9.917225E-02	1.006000E+02	
9.957531E-02	9.080000E+01	
9.997837E-02	9.212500E+01	
1.003814E-01	9.432500E+01	
1.007845E-01	8.780000E+01	
1.011875E-01	8.817500E+01	
1.015906E-01	8.587500E+01	
1.019936E-01	8.345000E+01	
1.023967E-01	8.555000E+01	
1.027997E-01	8.670000E+01	
1.032028E-01	8.215000E+01	
1.036058E-01	7.985000E+01	
1.040089E-01	8.070000E+01	
1.044119E-01	7.757500E+01	
1.048149E-01	7.855000E+01	
1.052180E-01	6.922500E+01	
1.056210E-01	6.912500E+01	
1.060241E-01	7.092500E+01	
1.064271E-01	6.422500E+01	
1.068301E-01	6.585000E+01	
1.072332E-01	5.997500E+01	
1.076362E-01	6.472500E+01	
1.080392E-01	6.430000E+01	
1.084423E-01	5.807500E+01	
1.088453E-01	6.215000E+01	
1.092483E-01	5.777500E+01	
1.096514E-01	5.967500E+01	
1.100544E-01	5.740000E+01	
1.104574E-01	5.122500E+01	
1.108604E-01	4.977500E+01	
1.112635E-01	4.972500E+01	
1.116665E-01	4.932500E+01	
1.120695E-01	4.975000E+01	
1.124725E-01	4.307500E+01	
1.128756E-01	4.340000E+01	
1.132786E-01	4.365000E+01	
1.136816E-01	4.057500E+01	
1.140846E-01	4.287500E+01	
1.144876E-01	3.867500E+01	
1.148906E-01	3.997500E+01	
1.152937E-01	4.010000E+01	
1.156967E-01	3.565000E+01	
1.160997E-01	3.580000E+01	
1.165027E-01	4.075000E+01	
1.169057E-01	3.415000E+01	
1.173087E-01	3.002500E+01	
1.177117E-01	2.645000E+01	
1.181147E-01	3.370000E+01	
1.185177E-01	2.630000E+01	
1.189207E-01	3.260000E+01	
1.193237E-01	3.097500E+01	
1.197267E-01	2.240000E+01	
1.201297E-01	2.532500E+01	
1.205327E-01	2.920000E+01	
1.209357E-01	2.107500E+01	
1.213387E-01	2.775000E+01	
1.217417E-01	2.295000E+01	
1.221447E-01	2.255000E+01	
1.225477E-01	2.092500E+01	
1.229507E-01	2.405000E+01	
1.233537E-01	2.185000E+01	
1.237567E-01	2.230000E+01	
1.241597E-01	2.085000E+01	
1.245626E-01	1.987500E+01	
1.249656E-01	2.367500E+01	
1.253686E-01	1.990000E+01	
1.257716E-01	1.982500E+01	
1.261746E-01	2.095000E+01	
1.265776E-01	1.732500E+01	
1.269805E-01	1.527500E+01	
1.273835E-01	1.915000E+01	
1.277865E-01	1.700000E+01	
1.281895E-01	1.740000E+01	
1.285924E-01	1.267500E+01	
1.289954E-01	2.162500E+01	
1.293984E-01	1.520000E+01	
1.298013E-01	1.605000E+01	
1.302043E-01	1.497500E+01	
1.306073E-01	1.522500E+01	
1.310102E-01	1.490000E+01	
1.314132E-01	1.377500E+01	
1.318162E-01	1.510000E+01	
1.322191E-01	1.485000E+01	
1.326221E-01	8.575000E+00	
1.330250E-01	1.057500E+01	
1.334280E-01	1.062500E+01	
1.338310E-01	1.182500E+01	
1.342339E-01	9.775000E+00	
1.346369E-01	1.172500E+01	
1.350398E-01	9.200000E+00	
1.354428E-01	1.195000E+01	
1.358457E-01	1.167500E+01	
1.362487E-01	1.050000E+01	
1.366516E-01	1.355000E+01	
1.370546E-01	1.035000E+01	
1.374575E-01	1.075000E+01	
1.378604E-01	1.232500E+01	
1.382634E-01	1.045000E+01	
1.386663E-01	1.170000E+01	
1.390693E-01	9.225000E+00	
1.394722E-01	7.550000E+00	
1.398751E-01	9.750000E+00	
1.402781E-01	9.850000E+00	
1.406810E-01	8.100000E+00	
1.410839E-01	8.000000E+00	
1.414869E-01	8.900000E+00	
1.418898E-01	8.450000E+00	
1.422927E-01	8.950000E+00	
1.426956E-01	7.075000E+00	
1.430986E-01	4.625000E+00	
1.435015E-01	7.900000E+00	
1.439044E-01	3.800000E+00	
1.443073E-01	5.475000E+00	
1.447102E-01	2.875000E+00	
1.451132E-01	7.375000E+00	
1.455161E-01	9.850000E+00	
1.459190E-01	5.775000E+00	
1.463219E-01	5.975000E+00	
1.467248E-01	4.900000E+00	
1.471277E-01	7.375000E+00	
1.475306E-01	6.300000E+00	
1.479335E-01	5.500000E+00	
1.483364E-01	7.475000E+00	
1.487393E-01	1.065000E+01	
1.491422E-01	5.775000E+00	
1.495451E-01	5.450000E+00	
1.499480E-01	7.375000E+00	
1.503509E-01	7.525000E+00	
1.507538E-01	3.400000E+00	
1.511567E-01	5.200000E+00	
1.515596E-01	6.375000E+00	
1.519625E-01	2.425000E+00	
1.523654E-01	5.875000E+00	
1.527683E-01	8.350000E+00	
1.531712E-01	4.700000E+00	
1.535741E-01	4.850000E+00	
1.539769E-01	7.725000E+00	
1.543798E-01	6.050000E+00	
1.547827E-01	7.550000E+00	
1.551856E-01	6.350000E+00	
1.555885E-01	4.200000E+00	
1.559913E-01	3.700000E+00	
1.563942E-01	4.725000E+00	
1.567971E-01	5.200000E+00	
1.571999E-01	2.200000E+00	
1.576028E-01	3.675000E+00	
1.580057E-01	2.825000E+00	
1.584086E-01	4.200000E+00	
1.588114E-01	2.600000E+00	
1.592143E-01	3.875000E+00	
1.596171E-01	4.750000E+00	
1.600200E-01	2.975000E+00	
1.604229E-01	3.150000E+00	
1.608257E-01	7.275000E+00	
1.612286E-01	5.250000E+00	
1.616314E-01	5.975000E+00	
1.620343E-01	3.200000E+00	
1.624371E-01	4.025000E+00	
1.628400E-01	6.150000E+00	
1.632428E-01	6.425000E+00	
1.636457E-01	5.175000E+00	
1.640485E-01	3.825000E+00	
1.644513E-01	3.300000E+00	
1.648542E-01	4.375000E+00	
1.652570E-01	3.975000E+00	
1.656599E-01	3.100000E+00	
1.660627E-01	5.050000E+00	
1.664655E-01	3.875000E+00	
1.668684E-01	3.300000E+00	
1.672712E-01	1.800000E+00	
1.676740E-01	4.300000E+00	
1.680768E-01	1.875000E+00	
1.684797E-01	4.100000E+00	
1.688825E-01	5.675000E+00	
1.692853E-01	3.400000E+00	
1.696881E-01	3.050000E+00	
1.700910E-01	5.275000E+00	
1.704938E-01	5.150000E+00	
1.708966E-01	2.875000E+00	
1.712994E-01	3.700000E+00	
1.717022E-01	5.175000E+00	
1.721050E-01	4.200000E+00	
1.725078E-01	4.075000E+00	
1.729106E-01	4.100000E+00	
1.733134E-01	3.125000E+00	
1.737162E-01	4.275000E+00	
1.741190E-01	4.150000E+00	
1.745218E-01	3.950000E+00	
1.749246E-01	2.775000E+00	
1.753274E-01	6.050000E+00	
1.757302E-01	5.300000E+00	
1.761330E-01	5.425000E+00	
1.765358E-01	2.500000E+00	
1.769386E-01	3.750000E+00	
1.773414E-01	2.100000E+00	
1.777442E-01	4.300000E+00	
1.781469E-01	2.950000E+00	
1.785497E-01	4.875000E+00	
1.789525E-01	7.500000E-01	
1.793553E-01	7.100000E+00	
1.797581E-01	5.700000E+00	
1.801608E-01	2.875000E+00	
1.805636E-01	3.175000E+00	
1.809664E-01	4.225000E+00	
1.813691E-01	5.075000E+00	
1.817719E-01	5.975000E+00	
1.821747E-01	6.225000E+00	
1.825774E-01	2.625000E+00	
1.829802E-01	4.225000E+00	
1.833830E-01	4.300000E+00	
1.837857E-01	3.200000E+00	
1.841885E-01	4.575000E+00	
1.845912E-01	4.100000E+00	
